# Python Machine Learning - Code Examples

Compressing Data via Dimensionality Reduction

### Overview

- [Unsupervised dimensionality reduction via principal component analysis 128](#Unsupervised-dimensionality-reduction-via-principal-component-analysis-128)
  - [The main steps behind principal component analysis](#The-main-steps-behind-principal-component-analysis)
  - [Extracting the principal components step-by-step](#Extracting-the-principal-components-step-by-step)
  - [Total and explained variance](#Total-and-explained-variance)
  - [Feature transformation](#Feature-transformation)
  - [Principal component analysis in scikit-learn](#Principal-component-analysis-in-scikit-learn)
- [Supervised data compression via linear discriminant analysis](#Supervised-data-compression-via-linear-discriminant-analysis)
  - [Principal component analysis versus linear discriminant analysis](#Principal-component-analysis-versus-linear-discriminant-analysis)
  - [The inner workings of linear discriminant analysis](#The-inner-workings-of-linear-discriminant-analysis)
  - [Computing the scatter matrices](#Computing-the-scatter-matrices)
  - [Selecting linear discriminants for the new feature subspace](#Selecting-linear-discriminants-for-the-new-feature-subspace)
  - [Projecting samples onto the new feature space](#Projecting-samples-onto-the-new-feature-space)
  - [LDA via scikit-learn](#LDA-via-scikit-learn)
- [Using kernel principal component analysis for nonlinear mappings](#Using-kernel-principal-component-analysis-for-nonlinear-mappings)
  - [Kernel functions and the kernel trick](#Kernel-functions-and-the-kernel-trick)
  - [Implementing a kernel principal component analysis in Python](#Implementing-a-kernel-principal-component-analysis-in-Python)
    - [Example 1 – separating half-moon shapes](#Example-1:-Separating-half-moon-shapes)
    - [Example 2 – separating concentric circles](#Example-2:-Separating-concentric-circles)
  - [Projecting new data points](#Projecting-new-data-points)
  - [Kernel principal component analysis in scikit-learn](#Kernel-principal-component-analysis-in-scikit-learn)
- [Summary](#Summary)

<br>
<br>


```python
from IPython.display import Image
%matplotlib inline
```

# Unsupervised dimensionality reduction via principal component analysis

## Extracting the principal components step-by-step


```python
import pandas as pd

#df_wine = pd.read_csv('https://archive.ics.uci.edu/ml/'
#                      'machine-learning-databases/wine/wine.data',
#                      header=None)

# if the Wine dataset is temporarily unavailable from the
# UCI machine learning repository, un-comment the following line
# of code to load the dataset from a local path:

df_wine = pd.read_csv('wine.data', header=None)

df_wine.columns = ['Class label', 'Alcohol', 'Malic acid', 'Ash',
                   'Alcalinity of ash', 'Magnesium', 'Total phenols',
                   'Flavanoids', 'Nonflavanoid phenols', 'Proanthocyanins',
                   'Color intensity', 'Hue',
                   'OD280/OD315 of diluted wines', 'Proline']

df_wine.head()
```




<div>
<style scoped>
    .dataframe tbody tr th:only-of-type {
        vertical-align: middle;
    }

    .dataframe tbody tr th {
        vertical-align: top;
    }

    .dataframe thead th {
        text-align: right;
    }
</style>
<table border="1" class="dataframe">
  <thead>
    <tr style="text-align: right;">
      <th></th>
      <th>Class label</th>
      <th>Alcohol</th>
      <th>Malic acid</th>
      <th>Ash</th>
      <th>Alcalinity of ash</th>
      <th>Magnesium</th>
      <th>Total phenols</th>
      <th>Flavanoids</th>
      <th>Nonflavanoid phenols</th>
      <th>Proanthocyanins</th>
      <th>Color intensity</th>
      <th>Hue</th>
      <th>OD280/OD315 of diluted wines</th>
      <th>Proline</th>
    </tr>
  </thead>
  <tbody>
    <tr>
      <th>0</th>
      <td>1</td>
      <td>14.23</td>
      <td>1.71</td>
      <td>2.43</td>
      <td>15.6</td>
      <td>127</td>
      <td>2.80</td>
      <td>3.06</td>
      <td>0.28</td>
      <td>2.29</td>
      <td>5.64</td>
      <td>1.04</td>
      <td>3.92</td>
      <td>1065</td>
    </tr>
    <tr>
      <th>1</th>
      <td>1</td>
      <td>13.20</td>
      <td>1.78</td>
      <td>2.14</td>
      <td>11.2</td>
      <td>100</td>
      <td>2.65</td>
      <td>2.76</td>
      <td>0.26</td>
      <td>1.28</td>
      <td>4.38</td>
      <td>1.05</td>
      <td>3.40</td>
      <td>1050</td>
    </tr>
    <tr>
      <th>2</th>
      <td>1</td>
      <td>13.16</td>
      <td>2.36</td>
      <td>2.67</td>
      <td>18.6</td>
      <td>101</td>
      <td>2.80</td>
      <td>3.24</td>
      <td>0.30</td>
      <td>2.81</td>
      <td>5.68</td>
      <td>1.03</td>
      <td>3.17</td>
      <td>1185</td>
    </tr>
    <tr>
      <th>3</th>
      <td>1</td>
      <td>14.37</td>
      <td>1.95</td>
      <td>2.50</td>
      <td>16.8</td>
      <td>113</td>
      <td>3.85</td>
      <td>3.49</td>
      <td>0.24</td>
      <td>2.18</td>
      <td>7.80</td>
      <td>0.86</td>
      <td>3.45</td>
      <td>1480</td>
    </tr>
    <tr>
      <th>4</th>
      <td>1</td>
      <td>13.24</td>
      <td>2.59</td>
      <td>2.87</td>
      <td>21.0</td>
      <td>118</td>
      <td>2.80</td>
      <td>2.69</td>
      <td>0.39</td>
      <td>1.82</td>
      <td>4.32</td>
      <td>1.04</td>
      <td>2.93</td>
      <td>735</td>
    </tr>
  </tbody>
</table>
</div>




```python
print(df_wine['Class label'].unique())
```

    [1 2 3]


<hr>

Splitting the data into 70% training and 30% test subsets.


```python
from sklearn.model_selection import train_test_split

X, y = df_wine.iloc[:, 1:].values, df_wine.iloc[:, 0].values

X_train, X_test, y_train, y_test = \
    train_test_split(X, y, test_size=0.3, 
                     stratify=y,
                     random_state=0)
```

Standardizing the data.


```python
from sklearn.preprocessing import StandardScaler

sc = StandardScaler()
X_train_std = sc.fit_transform(X_train)
X_test_std = sc.transform(X_test)
```

---

**Note**

Accidentally, I wrote `X_test_std = sc.fit_transform(X_test)` instead of `X_test_std = sc.transform(X_test)`. In this case, it wouldn't make a big difference since the mean and standard deviation of the test set should be (quite) similar to the training set. However, as remember from Chapter 3, the correct way is to re-use parameters from the training set if we are doing any kind of transformation -- the test set should basically stand for "new, unseen" data.

My initial typo reflects a common mistake is that some people are *not* re-using these parameters from the model training/building and standardize the new data "from scratch." Here's simple example to explain why this is a problem.

Let's assume we have a simple training set consisting of 3 samples with 1 feature (let's call this feature "length"):

- train_1: 10 cm -> class_2
- train_2: 20 cm -> class_2
- train_3: 30 cm -> class_1

mean: 20, std.: 8.2

After standardization, the transformed feature values are

- train_std_1: -1.21 -> class_2
- train_std_2: 0 -> class_2
- train_std_3: 1.21 -> class_1

Next, let's assume our model has learned to classify samples with a standardized length value < 0.6 as class_2 (class_1 otherwise). So far so good. Now, let's say we have 3 unlabeled data points that we want to classify:

- new_4: 5 cm -> class ?
- new_5: 6 cm -> class ?
- new_6: 7 cm -> class ?

If we look at the "unstandardized "length" values in our training datast, it is intuitive to say that all of these samples are likely belonging to class_2. However, if we standardize these by re-computing standard deviation and and mean you would get similar values as before in the training set and your classifier would (probably incorrectly) classify samples 4 and 5 as class 2.

- new_std_4: -1.21 -> class 2
- new_std_5: 0 -> class 2
- new_std_6: 1.21 -> class 1

However, if we use the parameters from your "training set standardization," we'd get the values:

- sample5: -18.37 -> class 2
- sample6: -17.15 -> class 2
- sample7: -15.92 -> class 2

The values 5 cm, 6 cm, and 7 cm are much lower than anything we have seen in the training set previously. Thus, it only makes sense that the standardized features of the "new samples" are much lower than every standardized feature in the training set.

---

Eigendecomposition of the covariance matrix.


```python
import numpy as np
cov_mat = np.cov(X_train_std.T)
eigen_vals, eigen_vecs = np.linalg.eig(cov_mat)

print('\nEigenvalues \n%s' % eigen_vals)
```

    
    Eigenvalues 
    [4.84274532 2.41602459 1.54845825 0.96120438 0.84166161 0.6620634
     0.51828472 0.34650377 0.3131368  0.10754642 0.21357215 0.15362835
     0.1808613 ]


**Note**: 

Above, I used the [`numpy.linalg.eig`](http://docs.scipy.org/doc/numpy/reference/generated/numpy.linalg.eig.html) function to decompose the symmetric covariance matrix into its eigenvalues and eigenvectors.
    <pre>>>> eigen_vals, eigen_vecs = np.linalg.eig(cov_mat)</pre>
    This is not really a "mistake," but probably suboptimal. It would be better to use [`numpy.linalg.eigh`](http://docs.scipy.org/doc/numpy/reference/generated/numpy.linalg.eigh.html) in such cases, which has been designed for [Hermetian matrices](https://en.wikipedia.org/wiki/Hermitian_matrix). The latter always returns real  eigenvalues; whereas the numerically less stable `np.linalg.eig` can decompose nonsymmetric square matrices, you may find that it returns complex eigenvalues in certain cases. (S.R.)


<br>
<br>

## Total and explained variance


```python
tot = sum(eigen_vals)
var_exp = [(i / tot) for i in sorted(eigen_vals, reverse=True)]
cum_var_exp = np.cumsum(var_exp)
```


```python
import matplotlib.pyplot as plt


plt.bar(range(1, 14), var_exp, alpha=0.5, align='center',
        label='individual explained variance')
plt.step(range(1, 14), cum_var_exp, where='mid',
         label='cumulative explained variance')
plt.ylabel('Explained variance ratio')
plt.xlabel('Principal component index')
plt.legend(loc='best')
plt.tight_layout()
# plt.savefig('images/05_02.png', dpi=300)
plt.show()
```


![png](pca.lda%283%29_files/pca.lda%283%29_22_0.png)


<br>
<br>

## Feature transformation


```python
# Make a list of (eigenvalue, eigenvector) tuples
eigen_pairs = [(np.abs(eigen_vals[i]), eigen_vecs[:, i])
               for i in range(len(eigen_vals))]

# Sort the (eigenvalue, eigenvector) tuples from high to low
eigen_pairs.sort(key=lambda k: k[0], reverse=True)
```


```python
print(eigen_pairs)
```

    [(4.842745315655898, array([-0.13724218,  0.24724326, -0.02545159,  0.20694508, -0.15436582,
           -0.39376952, -0.41735106,  0.30572896, -0.30668347,  0.07554066,
           -0.32613263, -0.36861022, -0.29669651])), (2.4160245870352255, array([ 0.50303478,  0.16487119,  0.24456476, -0.11352904,  0.28974518,
            0.05080104, -0.02287338,  0.09048885,  0.00835233,  0.54977581,
           -0.20716433, -0.24902536,  0.38022942])), (1.5484582488203513, array([-0.13774873,  0.09615039,  0.67777567,  0.62504055,  0.19613548,
            0.14031057,  0.11705386,  0.13121778,  0.0304309 , -0.07992997,
            0.05305915,  0.13239103, -0.07065022])), (0.9612043774977367, array([-0.0032961 ,  0.56264669, -0.10897711,  0.0338187 , -0.36751107,
            0.24024513,  0.1870533 , -0.02292622,  0.49626233,  0.10648294,
           -0.36905375,  0.14201609, -0.16768217])), (0.8416616104578422, array([-0.29062523,  0.08953787, -0.16083499,  0.05158734,  0.67648707,
           -0.11851114, -0.10710035, -0.50758161,  0.20163462,  0.00573607,
           -0.27691422, -0.06662756, -0.12802904])), (0.6620634040383039, array([ 2.99096847e-01,  6.27036396e-01,  3.89128239e-04, -4.05836452e-02,
            6.57772614e-02, -5.89776247e-02, -3.01103180e-02, -2.71728086e-01,
           -4.39997519e-01, -4.11743459e-01,  1.41673377e-01,  1.75842384e-01,
            1.38018388e-01])), (0.5182847213561953, array([ 0.07905293, -0.27400201,  0.13232805,  0.2239991 , -0.40526897,
           -0.03474194,  0.04178357, -0.63114569, -0.32312277,  0.26908262,
           -0.30264066,  0.13054014,  0.00081134])), (0.34650376641286657, array([-0.36817641, -0.01257758,  0.17757818, -0.44059211,  0.1166175 ,
            0.35019213,  0.21871818,  0.19712942, -0.43305587, -0.06684118,
           -0.45976229,  0.11082755,  0.00560817])), (0.3131368004720887, array([-0.39837702,  0.11045823,  0.38249686, -0.24337385, -0.25898236,
           -0.34231286, -0.03612316, -0.17143688,  0.24437021, -0.15551492,
            0.02119612, -0.23808956,  0.51727846])), (0.2135721466052733, array([ 0.37463888, -0.1374056 ,  0.46158303, -0.41895399,  0.01004706,
           -0.22125424, -0.04175136, -0.08875695,  0.19992186, -0.22166887,
           -0.09846946,  0.01912058, -0.54253207])), (0.18086130479496634, array([ 0.26283426, -0.26676921, -0.11554255,  0.19948341,  0.02890188,
           -0.06638686, -0.21334908,  0.18639128,  0.16808299, -0.46636903,
           -0.53248388,  0.23783528,  0.36776336])), (0.15362835006711043, array([-0.12783451,  0.08064016,  0.01679249, -0.11084566,  0.07938796,
           -0.49145931, -0.0503074 ,  0.17532803, -0.00367596,  0.35975654,
            0.04046698,  0.74222954,  0.03873952])), (0.10754642369670996, array([-0.09448698,  0.02636524,  0.14274751, -0.13048578, -0.06760808,
            0.45991766, -0.81458395, -0.09574809,  0.06724689,  0.08733362,
            0.12906113,  0.18764627,  0.01211126]))]



```python
w = np.hstack((eigen_pairs[0][1][:, np.newaxis],
               eigen_pairs[1][1][:, np.newaxis]))
print('Matrix W:\n', w)
```

    Matrix W:
     [[-0.13724218  0.50303478]
     [ 0.24724326  0.16487119]
     [-0.02545159  0.24456476]
     [ 0.20694508 -0.11352904]
     [-0.15436582  0.28974518]
     [-0.39376952  0.05080104]
     [-0.41735106 -0.02287338]
     [ 0.30572896  0.09048885]
     [-0.30668347  0.00835233]
     [ 0.07554066  0.54977581]
     [-0.32613263 -0.20716433]
     [-0.36861022 -0.24902536]
     [-0.29669651  0.38022942]]


**Note**
Depending on which version of NumPy and LAPACK you are using, you may obtain the Matrix W with its signs flipped. Please note that this is not an issue: If $v$ is an eigenvector of a matrix $\Sigma$, we have

$$\Sigma v = \lambda v,$$

where $\lambda$ is our eigenvalue,


then $-v$ is also an eigenvector that has the same eigenvalue, since
$$\Sigma \cdot (-v) = -\Sigma v = -\lambda v = \lambda \cdot (-v).$$


```python
X_train_std[0].dot(w)
```




    array([2.38299011, 0.45458499])




```python
X_train_pca = X_train_std.dot(w)
colors = ['r', 'b', 'g']
markers = ['s', 'x', 'o']

for l, c, m in zip(np.unique(y_train), colors, markers):
    plt.scatter(X_train_pca[y_train == l, 0], 
                X_train_pca[y_train == l, 1], 
                c=c, label=l, marker=m)

plt.xlabel('PC 1')
plt.ylabel('PC 2')
plt.legend(loc='lower left')
plt.tight_layout()
# plt.savefig('images/05_03.png', dpi=300)
plt.show()
```


![png](pca.lda%283%29_files/pca.lda%283%29_30_0.png)


<br>
<br>

## Principal component analysis in scikit-learn

**NOTE**

The following four code cells has been added in addition to the content to the book, to illustrate how to replicate the results from our own PCA implementation in scikit-learn:


```python
from sklearn.decomposition import PCA

pca = PCA()
X_train_pca = pca.fit_transform(X_train_std)
pca.explained_variance_ratio_
```




    array([0.36951469, 0.18434927, 0.11815159, 0.07334252, 0.06422108,
           0.05051724, 0.03954654, 0.02643918, 0.02389319, 0.01629614,
           0.01380021, 0.01172226, 0.00820609])




```python
plt.bar(range(1, 14), pca.explained_variance_ratio_, alpha=0.5, align='center')
plt.step(range(1, 14), np.cumsum(pca.explained_variance_ratio_), where='mid')
plt.ylabel('Explained variance ratio')
plt.xlabel('Principal components')

plt.show()
```


![png](pca.lda%283%29_files/pca.lda%283%29_35_0.png)



```python
pca = PCA(n_components=2)
X_train_pca = pca.fit_transform(X_train_std)
print(pca.explained_variance_ratio_)
X_test_pca = pca.transform(X_test_std)
```

    [0.3695 0.1843]



```python
plt.scatter(X_train_pca[:, 0], X_train_pca[:, 1])
plt.xlabel('PC 1')
plt.ylabel('PC 2')
plt.show()
```


![png](pca.lda%283%29_files/pca.lda%283%29_37_0.png)



```python
from matplotlib.colors import ListedColormap

def plot_decision_regions(X, y, classifier, resolution=0.02):

    # setup marker generator and color map
    markers = ('s', 'x', 'o', '^', 'v')
    colors = ('red', 'blue', 'lightgreen', 'gray', 'cyan')
    cmap = ListedColormap(colors[:len(np.unique(y))])

    # plot the decision surface
    x1_min, x1_max = X[:, 0].min() - 1, X[:, 0].max() + 1
    x2_min, x2_max = X[:, 1].min() - 1, X[:, 1].max() + 1
    xx1, xx2 = np.meshgrid(np.arange(x1_min, x1_max, resolution),
                           np.arange(x2_min, x2_max, resolution))
    Z = classifier.predict(np.array([xx1.ravel(), xx2.ravel()]).T)
    Z = Z.reshape(xx1.shape)
    plt.contourf(xx1, xx2, Z, alpha=0.4, cmap=cmap)
    plt.xlim(xx1.min(), xx1.max())
    plt.ylim(xx2.min(), xx2.max())

    # plot class samples
    for idx, cl in enumerate(np.unique(y)):
        plt.scatter(x=X[y == cl, 0], 
                    y=X[y == cl, 1],
                    alpha=0.6, 
                    c=cmap(idx),
                    edgecolor='black',
                    marker=markers[idx], 
                    label=cl)
```

Training logistic regression classifier using the first 2 principal components.


```python
from sklearn.linear_model import LogisticRegression

pca = PCA(n_components=2)
X_train_pca = pca.fit_transform(X_train_std)
X_test_pca = pca.transform(X_test_std)

lr = LogisticRegression()
lr = lr.fit(X_train_pca, y_train)
```

    /Library/Frameworks/Python.framework/Versions/3.6/lib/python3.6/site-packages/sklearn/linear_model/logistic.py:432: FutureWarning: Default solver will be changed to 'lbfgs' in 0.22. Specify a solver to silence this warning.
      FutureWarning)
    /Library/Frameworks/Python.framework/Versions/3.6/lib/python3.6/site-packages/sklearn/linear_model/logistic.py:469: FutureWarning: Default multi_class will be changed to 'auto' in 0.22. Specify the multi_class option to silence this warning.
      "this warning.", FutureWarning)



```python
plot_decision_regions(X_train_pca, y_train, classifier=lr)
plt.xlabel('PC 1')
plt.ylabel('PC 2')
plt.legend(loc='lower left')
plt.tight_layout()
# plt.savefig('images/05_04.png', dpi=300)
plt.show()
```

    'c' argument looks like a single numeric RGB or RGBA sequence, which should be avoided as value-mapping will have precedence in case its length matches with 'x' & 'y'.  Please use a 2-D array with a single row if you really want to specify the same RGB or RGBA value for all points.
    'c' argument looks like a single numeric RGB or RGBA sequence, which should be avoided as value-mapping will have precedence in case its length matches with 'x' & 'y'.  Please use a 2-D array with a single row if you really want to specify the same RGB or RGBA value for all points.
    'c' argument looks like a single numeric RGB or RGBA sequence, which should be avoided as value-mapping will have precedence in case its length matches with 'x' & 'y'.  Please use a 2-D array with a single row if you really want to specify the same RGB or RGBA value for all points.



![png](pca.lda%283%29_files/pca.lda%283%29_41_1.png)



```python
plot_decision_regions(X_test_pca, y_test, classifier=lr)
plt.xlabel('PC 1')
plt.ylabel('PC 2')
plt.legend(loc='lower left')
plt.tight_layout()
# plt.savefig('images/05_05.png', dpi=300)
plt.show()
```

    'c' argument looks like a single numeric RGB or RGBA sequence, which should be avoided as value-mapping will have precedence in case its length matches with 'x' & 'y'.  Please use a 2-D array with a single row if you really want to specify the same RGB or RGBA value for all points.
    'c' argument looks like a single numeric RGB or RGBA sequence, which should be avoided as value-mapping will have precedence in case its length matches with 'x' & 'y'.  Please use a 2-D array with a single row if you really want to specify the same RGB or RGBA value for all points.
    'c' argument looks like a single numeric RGB or RGBA sequence, which should be avoided as value-mapping will have precedence in case its length matches with 'x' & 'y'.  Please use a 2-D array with a single row if you really want to specify the same RGB or RGBA value for all points.



![png](pca.lda%283%29_files/pca.lda%283%29_42_1.png)


<br>
<br>

# Supervised data compression via linear discriminant analysis

## Principal component analysis versus linear discriminant analysis

<br>
<br>

## Computing the scatter matrices

Calculate the mean vectors for each class:


```python
np.set_printoptions(precision=4)

mean_vecs = []
for label in range(1, 4):
    mean_vecs.append(np.mean(X_train_std[y_train == label], axis=0))
    print('MV %s: %s\n' % (label, mean_vecs[label - 1]))
```

    MV 1: [ 0.9066 -0.3497  0.3201 -0.7189  0.5056  0.8807  0.9589 -0.5516  0.5416
      0.2338  0.5897  0.6563  1.2075]
    
    MV 2: [-0.8749 -0.2848 -0.3735  0.3157 -0.3848 -0.0433  0.0635 -0.0946  0.0703
     -0.8286  0.3144  0.3608 -0.7253]
    
    MV 3: [ 0.1992  0.866   0.1682  0.4148 -0.0451 -1.0286 -1.2876  0.8287 -0.7795
      0.9649 -1.209  -1.3622 -0.4013]
    


Compute the within-class scatter matrix:


```python
d = 13 # number of features
S_W = np.zeros((d, d))
for label, mv in zip(range(1, 4), mean_vecs):
    class_scatter = np.zeros((d, d))  # scatter matrix for each class
    for row in X_train_std[y_train == label]:
        row, mv = row.reshape(d, 1), mv.reshape(d, 1)  # make column vectors
        class_scatter += (row - mv).dot((row - mv).T)
    S_W += class_scatter                          # sum class scatter matrices

print('Within-class scatter matrix: %sx%s' % (S_W.shape[0], S_W.shape[1]))
```

    Within-class scatter matrix: 13x13



```python
print(S_W)
```

    [[ 5.0722e+01  3.1007e+00 -7.9323e+00 -5.7848e+00 -2.8879e+00  7.8990e+00
       2.4543e+00  9.3932e-01  9.0781e-01  1.5486e+01  7.0293e+00 -1.8659e+00
       4.9370e+00]
     [ 3.1007e+00  9.0179e+01  4.7074e+00  1.4750e+01 -1.0900e+01 -8.8059e-02
       9.7797e-01  8.4547e+00  4.4732e+00 -1.4494e+01 -2.0361e+01  3.5876e+00
      -1.1176e+01]
     [-7.9323e+00  4.7074e+00  1.1189e+02  7.0126e+01  2.2213e+01  1.5505e+01
       1.4856e+01  2.0454e+01 -2.3344e+00  1.3787e+00  5.6585e+00  8.1917e+00
       3.2570e-01]
     [-5.7848e+00  1.4750e+01  7.0126e+01  9.2147e+01  1.2485e+01  6.2091e+00
       6.2783e+00  1.2735e+01 -4.7597e+00 -4.1511e+00  1.1779e+00  1.1633e+01
      -4.5296e+00]
     [-2.8879e+00 -1.0900e+01  2.2213e+01  1.2485e+01  1.0605e+02  1.0950e+01
       5.2875e+00 -2.1136e+01  1.3076e+01  5.9930e+00  8.4568e+00 -5.3128e-01
       1.1845e+01]
     [ 7.8990e+00 -8.8059e-02  1.5505e+01  6.2091e+00  1.0950e+01  5.7194e+01
       2.8971e+01 -7.4850e+00  3.0810e+01  1.5516e+01  6.6816e-01  1.9382e+01
       6.3808e+00]
     [ 2.4543e+00  9.7797e-01  1.4856e+01  6.2783e+00  5.2875e+00  2.8971e+01
       3.1388e+01 -1.0236e+01  2.5069e+01  1.4922e+01 -1.2394e+00  1.2737e+01
       2.7636e+00]
     [ 9.3932e-01  8.4547e+00  2.0454e+01  1.2735e+01 -2.1136e+01 -7.4850e+00
      -1.0236e+01  8.8416e+01 -1.5290e+01 -6.5190e-01  2.8315e+00 -1.7076e+01
      -7.0906e+00]
     [ 9.0781e-01  4.4732e+00 -2.3344e+00 -4.7597e+00  1.3076e+01  3.0810e+01
       2.5069e+01 -1.5290e+01  9.1676e+01  2.2137e+01 -5.9150e+00  1.1376e+01
       5.9764e+00]
     [ 1.5486e+01 -1.4494e+01  1.3787e+00 -4.1511e+00  5.9930e+00  1.5516e+01
       1.4922e+01 -6.5190e-01  2.2137e+01  5.6702e+01 -1.0507e+01 -5.3682e+00
       1.0706e+01]
     [ 7.0293e+00 -2.0361e+01  5.6585e+00  1.1779e+00  8.4568e+00  6.6816e-01
      -1.2394e+00  2.8315e+00 -5.9150e+00 -1.0507e+01  5.6566e+01  3.2692e+00
       9.6829e+00]
     [-1.8659e+00  3.5876e+00  8.1917e+00  1.1633e+01 -5.3128e-01  1.9382e+01
       1.2737e+01 -1.7076e+01  1.1376e+01 -5.3682e+00  3.2692e+00  3.8599e+01
      -4.6404e+00]
     [ 4.9370e+00 -1.1176e+01  3.2570e-01 -4.5296e+00  1.1845e+01  6.3808e+00
       2.7636e+00 -7.0906e+00  5.9764e+00  1.0706e+01  9.6829e+00 -4.6404e+00
       3.2604e+01]]


Better: covariance matrix since classes are not equally distributed:


```python
print('Class label distribution: %s' 
      % np.bincount(y_train)[1:])
```

    Class label distribution: [41 50 33]



```python
d = 13  # number of features
S_W = np.zeros((d, d))
for label, mv in zip(range(1, 4), mean_vecs):
    class_scatter = np.cov(X_train_std[y_train == label].T)
    S_W += class_scatter
print('Scaled within-class scatter matrix: %sx%s' % (S_W.shape[0],
                                                     S_W.shape[1]))
```

    Scaled within-class scatter matrix: 13x13



```python
print(S_W)
```

    [[ 1.2448  0.0967 -0.1276 -0.1105 -0.0726  0.2374  0.0753  0.0231  0.1102
       0.4261  0.1411 -0.0155  0.1224]
     [ 0.0967  2.2666  0.1168  0.3517 -0.2622 -0.0467 -0.0186  0.2194  0.0187
      -0.3939 -0.4167  0.0787 -0.2492]
     [-0.1276  0.1168  2.6024  1.6442  0.5364  0.3947  0.3191  0.4553 -0.0353
       0.06    0.167   0.1987 -0.0081]
     [-0.1105  0.3517  1.6442  2.1604  0.325   0.1535  0.1222  0.273  -0.0824
      -0.068   0.0336  0.2548 -0.1201]
     [-0.0726 -0.2622  0.5364  0.325   2.4397  0.2384  0.1433 -0.5166  0.2566
       0.1445  0.1777 -0.0058  0.2509]
     [ 0.2374 -0.0467  0.3947  0.1535  0.2384  1.352   0.6416 -0.0781  0.7644
       0.4392  0.0177  0.4359  0.1554]
     [ 0.0753 -0.0186  0.3191  0.1222  0.1433  0.6416  0.6968 -0.2588  0.5765
       0.3851 -0.0408  0.2525  0.0748]
     [ 0.0231  0.2194  0.4553  0.273  -0.5166 -0.0781 -0.2588  2.1795 -0.2801
      -0.0363  0.1208 -0.332  -0.1485]
     [ 0.1102  0.0187 -0.0353 -0.0824  0.2566  0.7644  0.5765 -0.2801  2.1792
       0.6795 -0.1815  0.2323  0.1568]
     [ 0.4261 -0.3939  0.06   -0.068   0.1445  0.4392  0.3851 -0.0363  0.6795
       1.6141 -0.3417 -0.1241  0.2666]
     [ 0.1411 -0.4167  0.167   0.0336  0.1777  0.0177 -0.0408  0.1208 -0.1815
      -0.3417  1.3119  0.0917  0.2232]
     [-0.0155  0.0787  0.1987  0.2548 -0.0058  0.4359  0.2525 -0.332   0.2323
      -0.1241  0.0917  0.8714 -0.1167]
     [ 0.1224 -0.2492 -0.0081 -0.1201  0.2509  0.1554  0.0748 -0.1485  0.1568
       0.2666  0.2232 -0.1167  0.7862]]


Compute the between-class scatter matrix:


```python
mean_overall = np.mean(X_train_std, axis=0)
d = 13  # number of features
S_B = np.zeros((d, d))
for i, mean_vec in enumerate(mean_vecs):
    n = X_train[y_train == i + 1, :].shape[0]
    mean_vec = mean_vec.reshape(d, 1)  # make column vector
    mean_overall = mean_overall.reshape(d, 1)  # make column vector
    S_B += n * (mean_vec - mean_overall).dot((mean_vec - mean_overall).T)

print('Between-class scatter matrix: %sx%s' % (S_B.shape[0], S_B.shape[1]))
```

    Between-class scatter matrix: 13x13



```python
print(S_B)
```

    [[ 73.2779   5.1521  29.3409 -37.8053  35.3288  27.8688  24.4037 -10.917
       11.9293  51.2816   0.2198  -0.3445  73.9711]
     [  5.1521  33.8209   5.5342  17.6688  -3.0595 -41.4067 -51.4514  32.9397
      -31.0444  36.0237 -47.4845 -53.4785 -18.4551]
     [ 29.3409   5.5342  12.1084 -13.0286  13.5707   6.6597   4.2554  -0.8742
        1.4687  23.8967  -4.84    -5.6837  27.1642]
     [-37.8053  17.6688 -13.0286  31.8532 -21.5944 -40.7237 -44.8903  26.1101
      -25.5242  -6.7623 -28.9705 -32.2968 -52.5343]
     [ 35.3288  -3.0595  13.5707 -21.5944  17.9512  20.621   20.5742 -10.8479
       11.0338  19.3529   7.9757   8.6902  39.5823]
     [ 27.8688 -41.4067   6.6597 -40.7237  20.621   66.8061  78.1916 -47.8401
       45.861  -22.5142  61.6487  69.1515  58.7931]
     [ 24.4037 -51.4514   4.2554 -44.8903  20.5742  78.1916  92.6119 -57.1978
       54.6364 -34.4354  75.5525  84.8261  62.2248]
     [-10.917   32.9397  -0.8742  26.1101 -10.8479 -47.8401 -57.1978  35.584
      -33.8973  25.0189 -47.8855 -53.8    -34.852 ]
     [ 11.9293 -31.0444   1.4687 -25.5242  11.0338  45.861   54.6364 -33.8973
       32.3239 -22.5432  45.299   50.8811  34.5842]
     [ 51.2816  36.0237  23.8967  -6.7623  19.3529 -22.5142 -34.4354  25.0189
      -22.5432  67.2979 -45.8689 -52.0329  28.8464]
     [  0.2198 -47.4845  -4.84   -28.9705   7.9757  61.6487  75.5525 -47.8855
       45.299  -45.8689  67.4344  75.8858  33.8052]
     [ -0.3445 -53.4785  -5.6837 -32.2968   8.6902  69.1515  84.8261 -53.8
       50.8811 -52.0329  75.8858  85.4011  37.4455]
     [ 73.9711 -18.4551  27.1642 -52.5343  39.5823  58.7931  62.2248 -34.852
       34.5842  28.8464  33.8052  37.4455  91.3961]]


<br>
<br>

## Selecting linear discriminants for the new feature subspace

Solve the generalized eigenvalue problem for the matrix $S_W^{-1}S_B$:


```python
eigen_vals, eigen_vecs = np.linalg.eig(np.linalg.inv(S_W).dot(S_B))
```

**Note**:
    
Above, I used the [`numpy.linalg.eig`](http://docs.scipy.org/doc/numpy/reference/generated/numpy.linalg.eig.html) function to decompose the symmetric covariance matrix into its eigenvalues and eigenvectors.
    <pre>>>> eigen_vals, eigen_vecs = np.linalg.eig(cov_mat)</pre>
    This is not really a "mistake," but probably suboptimal. It would be better to use [`numpy.linalg.eigh`](http://docs.scipy.org/doc/numpy/reference/generated/numpy.linalg.eigh.html) in such cases, which has been designed for [Hermetian matrices](https://en.wikipedia.org/wiki/Hermitian_matrix). The latter always returns real  eigenvalues; whereas the numerically less stable `np.linalg.eig` can decompose nonsymmetric square matrices, you may find that it returns complex eigenvalues in certain cases. (S.R.)


Sort eigenvectors in descending order of the eigenvalues:


```python
# Make a list of (eigenvalue, eigenvector) tuples
eigen_pairs = [(np.abs(eigen_vals[i]), eigen_vecs[:, i])
               for i in range(len(eigen_vals))]

# Sort the (eigenvalue, eigenvector) tuples from high to low
eigen_pairs = sorted(eigen_pairs, key=lambda k: k[0], reverse=True)

# Visually confirm that the list is correctly sorted by decreasing eigenvalues

print('Eigenvalues in descending order:\n')
for eigen_val in eigen_pairs:
    print(eigen_val[0])
```

    Eigenvalues in descending order:
    
    349.61780890599397
    172.7615221897938
    3.389259780547781e-14
    2.842170943040401e-14
    1.9284611807586422e-14
    1.9284611807586422e-14
    1.8639179987230033e-14
    1.8639179987230033e-14
    7.057897559458914e-15
    7.057897559458914e-15
    6.596592553773414e-15
    3.81059209269662e-15
    3.3908455462202616e-15



```python
tot = sum(eigen_vals.real)
discr = [(i / tot) for i in sorted(eigen_vals.real, reverse=True)]
cum_discr = np.cumsum(discr)

plt.bar(range(1, 14), discr, alpha=0.5, align='center',
        label='individual "discriminability"')
plt.step(range(1, 14), cum_discr, where='mid',
         label='cumulative "discriminability"')
plt.ylabel('"discriminability" ratio')
plt.xlabel('Linear Discriminants')
plt.ylim([-0.1, 1.1])
plt.legend(loc='best')
plt.tight_layout()
# plt.savefig('images/05_07.png', dpi=300)
plt.show()
```


![png](pca.lda%283%29_files/pca.lda%283%29_67_0.png)



```python
w = np.hstack((eigen_pairs[0][1][:, np.newaxis].real,
              eigen_pairs[1][1][:, np.newaxis].real))
print('Matrix W:\n', w)
```

    Matrix W:
     [[-0.1481 -0.4092]
     [ 0.0908 -0.1577]
     [-0.0168 -0.3537]
     [ 0.1484  0.3223]
     [-0.0163 -0.0817]
     [ 0.1913  0.0842]
     [-0.7338  0.2823]
     [-0.075  -0.0102]
     [ 0.0018  0.0907]
     [ 0.294  -0.2152]
     [-0.0328  0.2747]
     [-0.3547 -0.0124]
     [-0.3915 -0.5958]]


<br>
<br>

## Projecting samples onto the new feature space


```python
X_train_lda = X_train_std.dot(w)
colors = ['r', 'b', 'g']
markers = ['s', 'x', 'o']

for l, c, m in zip(np.unique(y_train), colors, markers):
    plt.scatter(X_train_lda[y_train == l, 0],
                X_train_lda[y_train == l, 1] * (-1),
                c=c, label=l, marker=m)

plt.xlabel('LD 1')
plt.ylabel('LD 2')
plt.legend(loc='lower right')
plt.tight_layout()
# plt.savefig('images/05_08.png', dpi=300)
plt.show()
```


![png](pca.lda%283%29_files/pca.lda%283%29_71_0.png)


<br>
<br>

## LDA via scikit-learn


```python
from sklearn.discriminant_analysis import LinearDiscriminantAnalysis as LDA

lda = LDA(n_components=2)
X_train_lda = lda.fit_transform(X_train_std, y_train)
```


```python
from sklearn.linear_model import LogisticRegression
lr = LogisticRegression()
lr = lr.fit(X_train_lda, y_train)

plot_decision_regions(X_train_lda, y_train, classifier=lr)
plt.xlabel('LD 1')
plt.ylabel('LD 2')
plt.legend(loc='lower left')
plt.tight_layout()
# plt.savefig('images/05_09.png', dpi=300)
plt.show()
```

    /Library/Frameworks/Python.framework/Versions/3.6/lib/python3.6/site-packages/sklearn/linear_model/logistic.py:432: FutureWarning: Default solver will be changed to 'lbfgs' in 0.22. Specify a solver to silence this warning.
      FutureWarning)
    /Library/Frameworks/Python.framework/Versions/3.6/lib/python3.6/site-packages/sklearn/linear_model/logistic.py:469: FutureWarning: Default multi_class will be changed to 'auto' in 0.22. Specify the multi_class option to silence this warning.
      "this warning.", FutureWarning)
    'c' argument looks like a single numeric RGB or RGBA sequence, which should be avoided as value-mapping will have precedence in case its length matches with 'x' & 'y'.  Please use a 2-D array with a single row if you really want to specify the same RGB or RGBA value for all points.
    'c' argument looks like a single numeric RGB or RGBA sequence, which should be avoided as value-mapping will have precedence in case its length matches with 'x' & 'y'.  Please use a 2-D array with a single row if you really want to specify the same RGB or RGBA value for all points.
    'c' argument looks like a single numeric RGB or RGBA sequence, which should be avoided as value-mapping will have precedence in case its length matches with 'x' & 'y'.  Please use a 2-D array with a single row if you really want to specify the same RGB or RGBA value for all points.



![png](pca.lda%283%29_files/pca.lda%283%29_75_1.png)



```python
X_test_lda = lda.transform(X_test_std)

plot_decision_regions(X_test_lda, y_test, classifier=lr)
plt.xlabel('LD 1')
plt.ylabel('LD 2')
plt.legend(loc='lower left')
plt.tight_layout()
# plt.savefig('images/05_10.png', dpi=300)
plt.show()
```

    'c' argument looks like a single numeric RGB or RGBA sequence, which should be avoided as value-mapping will have precedence in case its length matches with 'x' & 'y'.  Please use a 2-D array with a single row if you really want to specify the same RGB or RGBA value for all points.
    'c' argument looks like a single numeric RGB or RGBA sequence, which should be avoided as value-mapping will have precedence in case its length matches with 'x' & 'y'.  Please use a 2-D array with a single row if you really want to specify the same RGB or RGBA value for all points.
    'c' argument looks like a single numeric RGB or RGBA sequence, which should be avoided as value-mapping will have precedence in case its length matches with 'x' & 'y'.  Please use a 2-D array with a single row if you really want to specify the same RGB or RGBA value for all points.



![png](pca.lda%283%29_files/pca.lda%283%29_76_1.png)


<br>
<br>

# Using kernel principal component analysis for nonlinear mappings

## Implementing a kernel principal component analysis in Python


```python
from scipy.spatial.distance import pdist, squareform
from scipy import exp
from scipy.linalg import eigh
import numpy as np

def rbf_kernel_pca(X, gamma, n_components):
    """
    RBF kernel PCA implementation.

    Parameters
    ------------
    X: {NumPy ndarray}, shape = [n_samples, n_features]
        
    gamma: float
      Tuning parameter of the RBF kernel
        
    n_components: int
      Number of principal components to return

    Returns
    ------------
     X_pc: {NumPy ndarray}, shape = [n_samples, k_features]
       Projected dataset   

    """
    # Calculate pairwise squared Euclidean distances
    # in the MxN dimensional dataset.
    sq_dists = pdist(X, 'sqeuclidean')

    # Convert pairwise distances into a square matrix.
    mat_sq_dists = squareform(sq_dists)

    # Compute the symmetric kernel matrix.
    K = exp(-gamma * mat_sq_dists)

    # Center the kernel matrix.
    N = K.shape[0]
    one_n = np.ones((N, N)) / N
    K = K - one_n.dot(K) - K.dot(one_n) + one_n.dot(K).dot(one_n)

    # Obtaining eigenpairs from the centered kernel matrix
    # scipy.linalg.eigh returns them in ascending order
    eigvals, eigvecs = eigh(K)
    eigvals, eigvecs = eigvals[::-1], eigvecs[:, ::-1]

    # Collect the top k eigenvectors (projected samples)
    X_pc = np.column_stack((eigvecs[:, i]
                            for i in range(n_components)))

    return X_pc
```

<br>

### Example 1: Separating half-moon shapes


```python
import matplotlib.pyplot as plt
from sklearn.datasets import make_moons

X, y = make_moons(n_samples=100, random_state=123)

plt.scatter(X[y == 0, 0], X[y == 0, 1], color='red', marker='^', alpha=0.5)
plt.scatter(X[y == 1, 0], X[y == 1, 1], color='blue', marker='o', alpha=0.5)

plt.tight_layout()
# plt.savefig('images/05_12.png', dpi=300)
plt.show()
```


![png](pca.lda%283%29_files/pca.lda%283%29_83_0.png)



```python
from sklearn.decomposition import PCA

scikit_pca = PCA(n_components=2)
X_spca = scikit_pca.fit_transform(X)

fig, ax = plt.subplots(nrows=1, ncols=2, figsize=(7, 3))

ax[0].scatter(X_spca[y == 0, 0], X_spca[y == 0, 1],
              color='red', marker='^', alpha=0.5)
ax[0].scatter(X_spca[y == 1, 0], X_spca[y == 1, 1],
              color='blue', marker='o', alpha=0.5)

ax[1].scatter(X_spca[y == 0, 0], np.zeros((50, 1)) + 0.02,
              color='red', marker='^', alpha=0.5)
ax[1].scatter(X_spca[y == 1, 0], np.zeros((50, 1)) - 0.02,
              color='blue', marker='o', alpha=0.5)

ax[0].set_xlabel('PC1')
ax[0].set_ylabel('PC2')
ax[1].set_ylim([-1, 1])
ax[1].set_yticks([])
ax[1].set_xlabel('PC1')

plt.tight_layout()
# plt.savefig('images/05_13.png', dpi=300)
plt.show()
```


![png](pca.lda%283%29_files/pca.lda%283%29_84_0.png)



```python
X_kpca = rbf_kernel_pca(X, gamma=15, n_components=2)

fig, ax = plt.subplots(nrows=1,ncols=2, figsize=(7,3))
ax[0].scatter(X_kpca[y==0, 0], X_kpca[y==0, 1], 
            color='red', marker='^', alpha=0.5)
ax[0].scatter(X_kpca[y==1, 0], X_kpca[y==1, 1],
            color='blue', marker='o', alpha=0.5)

ax[1].scatter(X_kpca[y==0, 0], np.zeros((50,1))+0.02, 
            color='red', marker='^', alpha=0.5)
ax[1].scatter(X_kpca[y==1, 0], np.zeros((50,1))-0.02,
            color='blue', marker='o', alpha=0.5)

ax[0].set_xlabel('PC1')
ax[0].set_ylabel('PC2')
ax[1].set_ylim([-1, 1])
ax[1].set_yticks([])
ax[1].set_xlabel('PC1')

plt.tight_layout()
# plt.savefig('images/05_14.png', dpi=300)
plt.show()
```

    /Library/Frameworks/Python.framework/Versions/3.6/lib/python3.6/site-packages/ipykernel_launcher.py:48: FutureWarning: arrays to stack must be passed as a "sequence" type such as list or tuple. Support for non-sequence iterables such as generators is deprecated as of NumPy 1.16 and will raise an error in the future.



![png](pca.lda%283%29_files/pca.lda%283%29_85_1.png)


<br>

### Example 2: Separating concentric circles


```python
from sklearn.datasets import make_circles

X, y = make_circles(n_samples=1000, random_state=123, noise=0.1, factor=0.2)

plt.scatter(X[y == 0, 0], X[y == 0, 1], color='red', marker='^', alpha=0.5)
plt.scatter(X[y == 1, 0], X[y == 1, 1], color='blue', marker='o', alpha=0.5)

plt.tight_layout()
# plt.savefig('images/05_15.png', dpi=300)
plt.show()
```


![png](pca.lda%283%29_files/pca.lda%283%29_88_0.png)



```python
scikit_pca = PCA(n_components=2)
